SampleID	InputRead	UniqueRead	%UniqueReads
EV001	60931764	3633421	5.963098327
EV002	109867056	7679169	6.989510122
EV003	45796543	997260	2.177587946
EV004	48855485	234481	0.479948157
EV005	51412115	752596	1.463849523
EV006	41437684	216060	0.521409449
EV007	53034581	6989023	13.17823742
EV008	53319829	6221000	11.66732924
EV009	42322561	927711	2.192001094
EV010	53687345	270188	0.503261988
EV011	54299702	584022	1.075552864
EV012	56517608	223293	0.395085723
EV013	73524355	24827647	33.76792221
EV014	53669206	6555966	12.21550772
EV015	48732051	1815151	3.724758065
EV016	50818027	11577676	22.7826161
EV017	60422653	427182	0.706989811
EV018	44644535	359399	0.805023504
EV019	53110775	7988112	15.04047343
EV020	49971024	1897301	3.796802323
EV021	64982107	1089267	1.676256819
EV022	48002551	11482877	23.92138909
EV023	53494157	1104360	2.064449768
EV024	48506989	423115	0.872276364
EV025	68893786	4582332	6.651299436
EV026	48353045	2939140	6.07850033
EV027	60557012	1343498	2.218567191
EV028	48106607	738349	1.534818284
EV029	40927094	392738	0.959603924
EV030	42271809	122648	0.290141356
EV031	66501570	12712173	19.11559832
EV032	57321401	11246825	19.62063872
EV033	47078419	2120004	4.503133378
EV034	44785343	2165634	4.8355865
EV035	67550041	748200	1.10762331
EV036	40064056	929212	2.319315848
EV037	57347304	4403431	7.678531845
EV038	56046775	2390734	4.265604934
EV039	73819213	1256903	1.702677323
EV040	41544327	484669	1.166631006
EV041	47745759	385351	0.807089484
EV042	44981571	1388325	3.086430663
EV043	62677123	12505770	19.95268672
EV044	63841011	12784463	20.02547077
EV045	57274322	2699124	4.71262497
EV046	48534137	4784046	9.857074413
EV047	60295606	817548	1.355899798
EV048	49341198	1560386	3.162440442
EV049	50569300	6087636	12.038205
EV050	49221361	4837610	9.828273542
EV051	58867220	1160744	1.971800265
EV052	46380529	853132	1.839418434
EV053	44745229	725952	1.622412079
EV054	40069815	138945	0.346757279
EV055	54945593	19016826	34.6102844
EV056	50687275	8281059	16.3375502
EV057	53208660	1746027	3.281471475
EV058	46508034	1286946	2.767147715
EV059	47773844	1088803	2.279077648
EV060	38746785	324846	0.838381817
EV061	63463562	3698564	5.827854415
EV062	46651631	945288	2.026269993
EV063	50024024	171483	0.342801291
EV064	39217713	169587	0.432424502
EV065	48833969	22959407	47.01523851
EV066	31417066	5410321	17.22096201
EV067	47452596	6295016	13.26590436
EV068	46570053	4222615	9.067232541
EV069	43072933	2220549	5.155323414
EV070	45586782	1419793	3.114483931
EV071	45169191	710782	1.573599138
EV072	43294141	618708	1.429080207
EV073	64441441	6878981	10.67477836
EV074	51828520	1733152	3.344012138
EV075	44412066	404398	0.910558856
EV076	35427946	217465	0.613823336
EV077	50805289	245331	0.482884764
EV078	38077045	141049	0.370430531
EV079	50486755	3603390	7.137297693
EV080	41698602	1596045	3.827574363
EV081	58884417	469704	0.797671139
EV082	39335746	383636	0.97528594
EV083	46405876	252634	0.544400886
EV084	29559581	87800	0.297027214
EV085	70473417	17695795	25.10988647
EV086	60547289	10890447	17.9866798
EV087	68717748	4432620	6.450473319
EV088	58934286	1532322	2.600051861
EV089	55501825	1919179	3.457866476
EV090	44790107	303371	0.67731698
EV091	61790355	11700510	18.93581935
EV092	54339586	9886353	18.193648
EV093	45764397	1736653	3.794768671
EV094	42088859	749117	1.779846301
EV095	61587945	824287	1.338390167
EV096	37293779	381387	1.022655816
EV097	63660622	14994300	23.55349277
EV098	62572755	5226515	8.352700788
EV099	60248617	2903149	4.818615173
EV100	58664693	1818307	3.099491205
EV101	58356529	6951263	11.91171428
EV102	58258653	567922	0.97482858
EV103	79573284	31861508	40.04045881
EV104	50253433	7378960	14.68349436
EV105	68203501	4140176	6.07032768
EV106	53827817	4852576	9.014996837
EV107	47682001	903006	1.893808945
EV108	50331958	411556	0.81768327
EV109	66812534	18709582	28.00310193
EV110	65323909	13063673	19.99830261
EV111	72948244	5355701	7.341781935
EV112	81504019	5036611	6.179586064
EV113	55993158	1454476	2.597595942
EV114	42778690	446934	1.0447585
EV115	71392826	34205138	47.91116967
EV116	53197008	8434847	15.85586731
EV117	71705376	6633964	9.251696832
EV118	54736010	2071877	3.785217446
EV119	57174717	1617227	2.828570188
EV120	51903468	894518	1.723426265
EV121	62224410	10212571	16.41248346
EV122	51233593	3650934	7.126054969
EV123	41011524	1461204	3.562910756
EV124	49055450	1217269	2.481414399
EV125	56352457	1532842	2.720097901
EV126	38526924	362052	0.939737623
EV127	53073807	4079578	7.68661272
EV128	41124058	2162895	5.25943962
EV129	50235568	596931	1.188263662
EV130	42362506	2116504	4.996172795
EV131	42747684	628867	1.471113616
EV132	41183917	199389	0.484142875
EV133	56076690	5381453	9.596595305
EV134	53755254	4875184	9.069223261
EV135	53216220	9108661	17.11632468
EV136	44732476	1149918	2.570655825
EV137	56697734	4740621	8.361217752
EV138	66209262	598822	0.904438415
EV139	59560777	13163079	22.10024728
EV140	51376970	8386293	16.32305876
EV141	69498608	6767038	9.736940343
EV142	43460267	4875026	11.21720214
EV143	48710701	8333975	17.10912557
EV144	43819950	1413852	3.226502997
EV145	52742876	1921466	3.643081579
EV146	36622649	3071873	8.387904982
EV147	35363745	259085	0.732628855
EV148	40718391	486895	1.195761886
EV149	38606837	210432	0.545064078
EV150	25915052	70152	0.270699823
EV151	59052860	7627697	12.91672749
EV152	46050789	3790086	8.230230322
EV153	45830295	867226	1.892254894
EV154	28920158	688315	2.380052695
EV155	46447863	988371	2.127914905
EV156	35144427	305237	0.868521772
EV157	44918102	5459270	12.15383054
EV158	45332619	2718509	5.996805523
EV159	43264123	988530	2.284872387
EV160	36067649	924959	2.564511482
EV161	102989978	1066967	1.035991094
EV162	31767408	122304	0.384998361
EV163	50294256	7125958	14.16853249
EV164	35516130	3143974	8.852242629
EV165	51158123	1474567	2.882371193
EV166	37783875	4038731	10.68903335
EV167	44152288	1195822	2.708403243
EV168	37069739	310695	0.838136465
